20 00 b9 70
08 00 01 6d
08 00 01 75
08 00 01 77
08 00 01 79
08 00 01 7b
08 00 01 7d
00 00 00 00
00 00 00 00
00 00 00 00
00 00 00 00
08 00 01 7f
08 00 01 81
00 00 00 00
08 00 01 83
08 00 15 2d
08 00 01 87
08 00 01 87
08 00 01 87
08 00 01 87
08 00 01 87
08 00 01 87
08 00 01 87
08 00 01 87
08 00 01 87
08 00 01 87
08 00 01 87
08 00 01 87
08 00 01 87
08 00 01 87
08 00 01 87
08 00 01 87
08 00 01 87
08 00 01 87
08 00 01 87
08 00 01 87
08 00 01 87
08 00 01 87
08 00 01 87
08 00 01 87
08 00 01 87
08 00 01 87
08 00 01 87
08 00 01 87
08 00 01 87
08 00 01 87
08 00 01 87
08 00 01 87
08 00 01 87
08 00 01 87
08 00 01 87
08 00 01 87
08 00 01 87
08 00 15 a1
08 00 01 87
08 00 01 87
08 00 01 87
08 00 01 87
08 00 01 87
08 00 01 87
08 00 01 87
08 00 01 87
08 00 01 87
00 00 00 00
08 00 01 87
00 00 00 00
08 00 01 87
08 00 01 87
08 00 01 87
08 00 01 87
08 00 01 87
08 00 01 87
08 00 01 87
08 00 01 87
08 00 01 87
08 00 01 87
08 00 01 87
08 00 01 87
08 00 01 87
08 00 01 87
08 00 01 87
08 00 01 87
08 00 01 87
08 00 01 87
