20 01 00 00
08 00 7A CD
08 00 7B 25
08 00 7B 25
08 00 7B 25
08 00 7B 25
08 00 7B 25
00 00 00 00
00 00 00 00
00 00 00 00
00 00 00 00
08 00 7B 25
08 00 7B 25
00 00 00 00
08 00 7B 25
08 00 7B 25
08 00 7B 25 # 16
08 00 7B 25
08 00 7B 25
08 00 7B 25
08 00 7B 25
08 00 7B 25
08 00 7B 25
08 00 7B 25
08 00 7B 25
08 00 7B 25
08 00 7B 25
08 00 7B 25
08 00 7B 25
08 00 7B 25
08 00 7B 25
08 00 7B 25
08 00 7B 25
08 00 7B 25
08 00 7B 25
08 00 7B 25
08 00 7B 25
08 00 7B 25
08 00 7B 25
08 00 7B 25
08 00 7B 25
08 00 7B 25
08 00 7B 25
08 00 7B 25
08 00 7B 25
08 00 F2 15
08 00 7B 25
08 00 7B 25
08 00 7B 25
08 00 7B 25
08 00 7B 25
08 00 7B 25
08 00 7B 25
08 00 F3 B1
08 00 F3 BB
08 00 F3 C5
08 00 F5 BD
08 00 7B 25
08 00 7B 25
08 00 7B 25
08 00 7B 25
08 00 7B 25
08 00 7B 25
00 00 00 00
08 00 7B 25
00 00 00 00
08 00 7B 25
08 00 7B 25
08 00 F3 CF
08 00 F3 D9
08 00 7B 25
08 00 FD E5 # TIMER6_IRQHandler 0x0800fde4
08 00 7B 25
08 00 7B 25
08 00 7B 25
08 00 7B 25
08 00 7B 25
08 00 7B 25
08 00 7B 25
08 00 7B 25
08 00 7B 25
08 00 7B 25
08 00 7B 25
08 00 D5 11
