20 01 00 00
08 00 0A CD
08 00 0B 15
08 00 0B 15
08 00 0B 15
08 00 0B 15
08 00 0B 15
00 00 00 00
00 00 00 00
00 00 00 00
00 00 00 00
08 00 0B 15
08 00 0B 15
00 00 00 00
08 00 0B 15
08 00 0B 15
08 00 0B 15
08 00 0B 15
08 00 0B 15
08 00 0B 15
08 00 0B 15
08 00 0B 15
08 00 0B 15
08 00 0B 15
08 00 0B 15
08 00 0B 15
08 00 0B 15
08 00 0B 15
08 00 0B 15
08 00 0B 15
08 00 0B 15
08 00 0B 15
08 00 0B 15
08 00 0B 15
08 00 0B 15
08 00 0B 15
08 00 0B 15
08 00 0B 15
08 00 0B 15
08 00 0B 15
08 00 0B 15
08 00 0B 15
08 00 0B 15
08 00 0B 15
08 00 0B 15
08 00 2C DD
08 00 0B 15
08 00 0B 15
08 00 0B 15
08 00 0B 15
08 00 0B 15
08 00 0B 15
08 00 0B 15
08 00 2D CD
08 00 2D D7
08 00 2D E1
08 00 2D FF
08 00 0B 15
08 00 0B 15
08 00 0B 15
08 00 0B 15
08 00 0B 15
08 00 0B 15
00 00 00 00
08 00 0B 15
00 00 00 00
08 00 0B 15
08 00 0B 15
08 00 2D EB
08 00 2D F5
08 00 0B 15
08 00 2E A5  # TIMER6_IRQHandler 0x08002ea4
08 00 0B 15
08 00 0B 15
08 00 0B 15
08 00 0B 15
08 00 0B 15
08 00 0B 15
08 00 0B 15
08 00 0B 15
08 00 0B 15
08 00 0B 15
08 00 0B 15
08 00 18 A1
41 00 F0 81
BF 00 E0 02
43 00 F0 83
EA 4F B5 30