20 00 fa 70
08 00 71 6d
08 00 dc 0b
08 00 b2 d9
08 00 dc 09
08 00 82 85
08 00 ff 25
00 00 00 00
00 00 00 00
00 00 00 00
00 00 00 00
08 00 f0 89
08 00 8c 85
00 00 00 00
08 00 de 35
08 00 f8 e7 # 15 SysTick_Handler
08 00 71 87
08 00 71 87
08 00 71 87
08 00 71 87
08 00 71 87
08 00 71 87
08 00 8d 85 # 22 EXTI0_IRQHandler
08 00 71 87
08 00 71 87
08 00 71 87
08 00 71 87
08 00 71 87
08 00 71 87
08 00 71 87
08 00 71 87
08 00 71 87
08 00 71 87
08 00 71 87
08 00 71 87
08 00 71 87
08 00 71 87
08 00 71 87
08 00 71 87
08 00 71 87
08 00 71 87
08 00 71 87
08 00 71 87
08 00 71 87
08 00 71 87
08 00 fc e9 # 45 TIMER2_IRQHandler
08 00 71 87
08 00 71 87
08 00 71 87
08 00 71 87
08 00 71 87
08 00 71 87
08 00 71 87
08 00 fd 01 # 53 USART0_IRQHandler
08 00 fd 45 # 54 USART1_IRQHandler
08 00 fd 51 # 55 USART2_IRQHandler
08 00 71 87
08 00 71 87
08 00 71 87
08 00 71 87
08 00 71 87
08 00 71 87
08 00 71 87
00 00 00 00
08 00 71 87
00 00 00 00
08 00 71 87
08 00 71 87
08 00 71 87
08 00 71 87
08 00 71 87
08 00 71 87
08 00 71 87
08 00 71 87
08 00 71 87
08 00 71 87
08 00 71 87
08 00 71 87
08 00 71 87
08 00 71 87
08 00 71 87
08 00 71 87
08 00 71 87
08 00 fd 95 # 83 USBFS_IRQHandler


